0
3
7
9
10
11
12
14
17
26
29
30
34
36
38
41
43
44
45
46
49
54
55
56
57
60
64
68
69
70
71
72
73
74
75
80
82
83
84
85
86
87
88
92
95
96
97
99
100
101
103
109
110
111
112
114
115
119
120
123
125
127
129
130
133
136
138
141
142
144
145
146
148
149
150
154
155
158
160
162
163
164
165
166
171
172
176
177
178
179
180
184
185
189
193
198
200
202
205
206
208
209
210
214
215
217
219
220
221
222
225
232
233
238
240
241
243
244
245
253
254
255
256
257
258
259
261
264
267
271
274
275
276
277
280
282
285
286
287
288
292
294
298
299
300
303
304
306
313
316
317
318
322
325
326
330
331
334
337
338
342
344
348
349
353
358
363
364
371
374
375
380
384
387
389
390
400
405
406
410
411
412
416
417
418
421
423
425
426
431
432
433
434
435
438
439
441
442
444
445
447
449
456
458
460
461
462
465
467
470
471
474
482
483
484
487
488
497
500
502
505
507
511
513
516
518
520
522
523
525
526
529
532
534
535
537
538
539
540
544
547
549
550
552
553
556
557
562
563
565
570
573
574
575
576
577
580
582
584
585
586
587
592
593
594
596
597
598
599
603
605
606
607
609
616
617
621
622
623
627
629
631
632
633
637
638
640
641
643
646
649
651
652
653
654
656
661
662
663
664
665
666
668
671
672
673
675
676
678
680
681
686
687
688
689
693
697
701
703
705
709
710
711
712
715
719
720
723
724
726
730
732
733
735
738
739
742
743
744
747
749
753
755
757
758
759
760
762
763
764
770
775
777
780
781
783
784
785
787
788
789
793
794
796
797
799
808
813
814
815
817
818
820
821
822
824
825
827
828
829
830
832
833
836
842
845
846
851
853
855
856
857
858
861
864
865
866
867
868
870
871
872
882
883
886
887
888
890
891
892
895
898
900
901
902
903
905
906
908
910
913
914
918
919
921
924
925
927
929
933
934
935
936
937
941
945
946
950
954
955
957
959
960
962
965
968
975
977
978
980
982
987
989
990
992
993
994
995
997
998
1000
1001
1003
1004
1005
1009
1016
1020
1023
1024
1028
1029
1031
1032
1034
1036
1038
1040
1041
1045
1047
1048
1049
1052
1056
1057
1059
1061
1062
1064
1072
1073
1074
1079
1080
1081
1082
1085
1087
1090
1091
1092
1093
1098
1100
1103
1105
1109
1110
1112
1117
1119
1121
1122
1124
1126
1128
1137
1142
1146
1151
1156
1157
1159
1160
1164
1165
1166
1168
1169
1170
1171
1174
1175
1181
1184
1185
1186
1190
1200
1201
1202
1205
1208
1209
1210
1211
1212
1215
1220
1223
1227
1229
1231
1233
1240
1247
1248
1250
1256
1262
1264
1276
1277
1278
1279
1280
1285
1288
1290
1293
1297
1298
1299
1301
1302
1309
1311
1313
1315
1316
1319
1320
1321
1322
1323
1324
1326
1327
1328
1335
1338
1340
1341
1343
1348
1349
1351
1354
1357
1358
1361
1362
1364
1366
1367
1368
1369
1370
1371
1373
1378
1379
1383
1385
1390
1392
1393
1396
1399
1400
1401
1402
1403
1404
1405
1406
1408
1409
1413
1414
1417
1418
1420
1422
1423
1425
1426
1428
1429
1433
1434
1436
1440
1447
1449
1452
1453
1454
1455
1456
1457
1459
1460
1462
1464
1465
1467
1468
1473
1474
1475
1479
1482
1483
1484
1486
1490
1491
1492
1493
1496
1498
1499
1500
1503
1504
1505
1506
1509
1510
1512
1515
1518
1519
1520
1523
1529
1530
1531
1534
1539
1540
1541
1543
1544
1548
1550
1551
1553
1554
1556
1558
1559
1568
1570
1571
1572
1575
1578
1580
1581
1584
1593
1599
1601
1604
1607
1608
1609
1611
1612
1618
1620
1622
1623
1624
1626
1628
1630
1632
1636
1637
1639
1641
1642
1644
1646
1648
1649
1651
1653
1655
1657
1659
1661
1663
1668
1669
1671
1672
1673
1674
1676
1677
1678
1679
1681
1686
1688
1690
1691
1692
1695
1696
1700
1703
1708
1715
1716
1720
1723
1724
1725
1728
1730
1731
1734
1735
1736
1737
1738
1739
1743
1744
1747
1748
1753
1754
1756
1757
1759
1760
1761
1763
1766
1767
1769
1770
1775
1777
1779
1784
1785
1788
1789
1790
1791
1792
1793
1796
1798
1799
1803
1805
1806
1810
1811
1812
1815
1816
1819
1821
1826
1827
1830
1832
1833
1834
1836
1837
1839
1841
1842
1843
1845
1847
1849
1857
1860
1864
1865
1866
1870
1871
1873
1874
1876
1879
1882
1883
1889
1891
1894
1896
1901
1902
1903
1906
1907
1908
1910
1911
1912
1914
1915
1916
1917
1918
1921
1922
1930
1935
1938
1944
1947
1948
1949
1950
1951
1955
1956
1957
1958
1961
1962
1963
1964
1965
1968
1970
1971
1973
1974
1975
1976
1981
1987
1988
1990
1992
1993
1994
1998
2003
2005
2006
2007
2009
2015
2016
2018
2023
2026
2030
2031
2032
2033
2039
2040
2041
2047
2051
2053
2059
2060
2061
2063
2064
2065
2066
2067
2070
2072
2080
2083
2084
2088
2090
2092
2095
2096
2097
2098
2099
2104
2106
2109
2110
2114
2116
2117
2119
2122
2125
2126
2129
2132
2133
2134
2141
2143
2144
2145
2146
2147
2148
2149
2150
2154
2155
2156
2157
2162
2164
2167
2171
2174
2175
2176
2178
2180
2181
2184
2186
2189
2190
2191
2194
2195
2197
2198
2203
2205
2208
2210
2211
2212
2213
2214
2217
2221
2223
2226
2227
2230
2231
2235
2236
2237
2238
2240
2241
2242
2247
2249
2252
2256
2259
2261
2263
2265
2267
2268
2270
2271
2273
2274
2275
2278
2281
2285
2288
2289
2296
2297
2301
2302
2305
2309
2311
2312
2313
2316
2317
2318
2321
2322
2323
2324
2326
2328
2333
2335
2339
2342
2349
2350
2351
2352
2354
2355
2358
2361
2363
2364
2368
2373
2374
2375
2377
2379
2388
2389
2390
2394
2395
2396
2400
2401
2402
2403
2406
2407
2408
2410
2412
2416
2417
2421
2426
2427
2430
2431
2435
2436
2437
2438
2441
2443
2444
2445
2447
2448
2451
2452
2453
2456
2459
2464
2465
2466
2467
2470
2471
2472
2475
2480
2482
2484
2487
2489
2493
2494
2496
2498
2501
2507
2508
2510
2513
2514
2515
2517
2522
2523
2524
2527
2535
2536
2537
2542
2544
2545
2550
2551
2553
2554
2555
2559
2560
2561
2566
2567
2571
2573
2576
2578
2579
2582
2587
2588
2589
2591
2592
2593
2595
2597
2605
2607
2608
2609
2610
2611
2616
2617
2620
2622
2623
2624
2627
2632
2634
2637
2639
2642
2643
2647
2648
2649
2650
2652
2655
2658
2659
2660
2662
2664
2665
2667
2670
2671
2672
2676
2678
2679
2682
2683
2684
2687
2688
2689
2691
2697
2698
2700
2701
2703
2704
2705
2708
2714
2716
2718
2719
2723
2731
2733
2734
2738
2739
2741
2751
2754
2756
2759
2762
2766
2768
2769
2770
2771
2774
2777
2778
2779
2780
2781
2782
2784
2785
2788
2792
2795
2798
2799
2802
2803
2807
2808
2813
2816
2817
2821
2822
2823
2824
2829
2832
2834
2835
2838
2843
2849
2850
2851
2852
2854
2855
2857
2860
2862
2864
2865
2868
2869
2870
2871
2872
2873
2874
2884
2886
2888
2897
2898
2899
2904
2906
2907
2909
2910
2913
2915
2918
2920
2921
2922
2923
2927
2929
2931
2932
2933
2936
2938
2939
2941
2943
2946
2949
2950
2952
2954
2956
2965
2967
2968
2969
2970
2972
2973
2975
2980
2981
2983
2986
2987
2989
2990
2992
2996
2998
3002
3008
3009
3012
3014
3016
3017
3018
3020
3023
3026
3028
3036
3037
3040
3041
3045
3049
3051
3057
3059
3060
3064
3068
3069
3070
3075
3077
3078
3079
3081
3083
3084
3086
3089
3091
3093
3095
3097
3098
3100
3104
3105
3108
3111
3113
3115
3117
3119
3120
3121
3122
3123
3125
3128
3130
3132
3138
3139
3140
3143
3147
3149
3151
3152
3154
3155
3157
3160
3163
3164
3166
3168
3169
3173
3176
3178
3184
3185
3186
3189
3191
3193
3195
3196
3198
3200
3201
3205
3206
3208
3209
3212
3215
3218
3220
3227
3230
3234
3235
3237
3238
3241
3243
3244
3245
3248
3249
3253
3256
3258
3260
3261
3262
3263
3264
3267
3268
3270
3271
3273
3274
3277
3278
3279
3282
3284
3285
3286
3287
3289
3290
3291
3293
3294
3297
3299
3303
3307
3309
3311
3314
3317
3320
3321
3326
3327
3328
3329
3332
3333
3334
3335
3336
3339
3340
3342
3344
3345
3348
3349
3354
3356
3359
3361
3362
3363
3369
3371
3372
3374
3377
3378
3380
3381
3382
3383
3384
3387
3388
3389
3390
3391
3392
3398
3400
3413
3414
3415
3416
3418
3420
3423
3424
3427
3431
3433
3436
3437
3438
3439
3440
3441
3442
3445
3451
3452
3454
3455
3457
3458
3459
3460
3462
3468
3472
3473
3475
3476
3477
3479
3485
3486
3493
3494
3498
3499
3500
3501
3505
3507
3508
3509
3510
3512
3513
3514
3516
3522
3523
3525
3526
3532
3533
3534
3536
3537
3538
3541
3542
3546
3548
3549
3551
3555
3556
3560
3561
3564
3565
3566
3567
3569
3570
3572
3575
3577
3578
3579
3581
3585
3586
3587
3589
3590
3591
3592
3593
3594
3595
3596
3598
3599
3602
3603
3610
3612
3613
3615
3617
3619
3625
3626
3628
3637
3638
3639
3640
3641
3642
3644
3646
3648
3650
3651
3654
3656
3657
3660
3663
3664
3665
3666
3670
3672
3673
3674
3675
3680
3681
3685
3686
3687
3693
3694
3695
3696
3697
3698
3699
3700
3701
3704
3706
3709
3710
3713
3714
3717
3720
3721
3722
3725
3727
3729
3730
3731
3732
3733
3734
3740
3741
3742
3743
3744
3745
3749
3752
3754
3757
3758
3759
3760
3761
3765
3766
3767
3768
3770
3772
3773
3774
3776
3780
3783
3784
3785
3791
3792
3795
3796
3797
3799
3801
3803
3806
3810
3813
3815
3816
3817
3818
3819
3821
3823
3824
3825
3829
3832
3833
3836
3838
3839
3840
3842
3843
3845
3846
3848
3849
3850
3851
3853
3855
3857
3858
3861
3862
3863
3865
3867
3868
3871
3875
3876
3877
3882
3884
3887
3889
3893
3895
3896
3900
3903
3904
3908
3910
3911
3912
3913
3917
3918
3919
3921
3922
3925
3927
3928
3929
3930
3935
3936
3939
3940
3941
3942
3944
3947
3949
3951
3952
3953
3954
3955
3957
3959
3960
3963
3967
3968
3971
3973
3974
3976
3978
3979
3983
3985
3987
3988
3989
3990
3991
3993
3994
3995
3999
4006
4013
4014
4015
4017
4019
4020
4022
4023
4024
4025
4029
4030
4031
4035
4037
4039
4043
4044
4046
4047
4050
4053
4054
4056
4057
4060
4062
4066
4067
4069
4070
4071
4073
4075
4076
4078
4080
4084
4086
4088
4090
4093
4094
4097
4099
4102
4103
4106
4115
4123
4127
4133
4134
4135
4139
4141
4144
4145
4147
4159
4165
4166
4167
4169
4170
4177
4178
4179
4180
4181
4182
4183
4184
4186
4192
4193
4194
4197
4198
4199
4200
4201
4203
4204
4208
4211
4212
4216
4217
4218
4219
4225
4227
4229
4231
4234
4235
4238
4240
4244
4252
4253
4257
4258
4261
4262
4264
4265
4266
4267
4268
4269
4272
4273
4274
4276
4279
4283
4287
4292
4296
4297
4302
4304
4310
4315
4316
4317
4320
4322
4325
4328
4331
4332
4334
4339
4344
4346
4347
4351
4354
4355
4356
4358
4359
4365
4366
4372
4375
4376
4378
4379
4380
4381
4382
4386
4387
4389
4390
4394
4395
4399
4400
4405
4408
4409
4410
4411
4412
4413
4416
4417
4427
4432
4436
4441
4445
4448
4449
4451
4453
4455
4457
4459
4461
4463
4464
4466
4467
4471
4473
4476
4477
4478
4484
4495
4497
4498
4499
4500
4503
4504
4505
4506
4507
4509
4510
4512
4514
4515
4518
4522
4524
4525
4533
4536
4537
4538
4539
4543
4544
4545
4546
4550
4552
4554
4555
4559
4560
4561
4563
4564
4565
4571
4572
4577
4579
4580
4583
4584
4586
4590
4592
4593
4594
4595
4600
4601
4602
4604
4605
4606
4607
4614
4616
4619
4621
4623
4625
4627
4631
4635
4637
4639
4642
4643
4645
4646
4654
4656
4659
4661
4662
4663
4664
4670
4671
4674
4675
4676
4677
4678
4681
4684
4690
4696
4701
4702
4704
4707
4712
4719
4723
4727
4728
4729
4731
4733
4741
4747
4749
4750
4751
4754
4755
4757
4758
4760
4761
4765
4767
4771
4772
4774
4778
4779
4780
4781
4784
4785
4786
4789
4793
4794
4795
4796
4798
4801
4803
4805
4808
4809
4812
4819
4820
4823
4824
4826
4827
4828
4833
4834
4836
4837
4838
4840
4841
4842
4844
4845
4853
4854
4855
4857
4865
4866
4869
4870
4872
4876
4877
4878
4879
4880
4882
4883
4884
4886
4889
4890
4894
4897
4899
4906
4911
4912
4913
4915
4922
4925
4930
4933
4936
4937
4940
4945
4950
4952
4955
4957
4961
4964
4965
4967
4968
4969
4970
4971
4972
4973
4975
4977
4978
4982
4984
4987
4991
4992
4997
5000
5003
5005
5006
5007
5009
5011
5012
5016
5018
5020
5023
5025
5027
5029
5030
5031
5033
5035
5039
5042
5043
5044
5046
5047
5048
5051
5059
5060
5061
5066
5071
5076
5087
5088
5089
5091
5092
5096
5097
5098
5099
5100
5102
5104
5106
5111
5114
5115
5116
5117
5118
5119
5123
5126
5129
5131
5132
5134
5137
5142
5146
5148
5150
5151
5152
5154
5159
5160
5165
5171
5173
5177
5187
5192
5193
5195
5196
5203
5204
5205
5207
5208
5209
5210
5211
5212
5215
5216
5220
5223
5224
5228
5231
5232
5235
5238
5239
5243
5245
5247
5248
5250
5253
5254
5257
5258
5259
5263
5264
5265
5266
5269
5270
5272
5277
5278
5281
5283
5285
5286
5288
5290
5291
5293
5294
5295
5300
5301
5302
5303
5305
5306
5310
5314
5317
5320
5326
5327
5331
5332
5339
5340
5344
5346
5348
5351
5352
5353
5354
5355
5356
5357
5358
5361
5362
5364
5367
5370
5373
5374
5376
5380
5382
5383
5384
5387
5388
5392
5393
5394
5395
5396
5397
5398
5399
5400
5401
5402
5403
5406
5407
5408
5409
5411
5414
5416
5417
5418
5419
5420
5421
5425
5428
5432
5433
5435
5436
5438
5439
5440
5442
5451
5454
5455
5457
5463
5464
5468
5469
5470
5475
5478
5480
5483
5488
5490
5491
5492
5493
5496
5497
5499
5501
5502
5503
5504
5506
5507
5508
5509
5512
5513
5516
5517
5518
5519
5520
5521
5522
5524
5526
5527
5529
5530
5533
5535
5537
5539
5541
5543
5547
5548
5549
5553
5554
5561
5562
5563
5564
5567
5568
5569
5574
5579
5585
5591
5592
5593
5598
5599
5604
5605
5606
5607
5608
5609
5611
5612
5614
5620
5621
5622
5624
5626
5627
5629
5632
5637
5644
5645
5646
5647
5648
5651
5654
5657
5661
5663
5665
5666
5667
5670
5671
5674
5679
5681
5682
5684
5686
5688
5690
5691
5692
5693
5694
5696
5697
5702
5705
5710
5711
5715
5716
5718
5719
5720
5722
5723
5726
5730
5732
5733
5734
5737
5738
5742
5748
5752
5753
5755
5756
5758
5759
5764
5766
5767
5768
5769
5770
5771
5772
5773
5774
5775
5776
5778
5779
5780
5788
5789
5791
5792
5797
5798
5799
5802
5804
5808
5809
5810
5813
5814
5815
5816
5817
5824
5825
5828
5830
5831
5832
5833
5836
5837
5838
5842
5844
5846
5847
5848
5849
5850
5851
5853
5858
5860
5861
5862
5863
5865
5866
5867
5868
5870
5871
5872
5874
5875
5877
5884
5886
5888
5890
5891
5896
5897
5898
5902
5904
5908
5915
5920
5924
5928
5929
5930
5932
5934
5936
5937
5940
5942
5943
5945
5950
5951
5953
5954
5956
5957
5959
5960
5964
5966
5967
5968
5971
5973
5974
5976
5977
5979
5983
5989
5990
5991
5992
5993
5995
5998
6000
6004
6006
6007
6011
6015
6017
6018
6020
6021
6022
6025
6032
6035
6037
6040
6049
6051
6053
6055
6056
6059
6064
6065
6069
6072
6073
6079
6080
6081
6082
6084
6090
6091
6092
6094
6099
6101
6104
6105
6108
6109
6111
6112
6113
6119
6124
6128
6129
6131
6132
6134
6137
6138
6140
6141
6142
6143
6145
6147
6149
6150
6153
6155
6157
6159
6160
6162
6164
6166
6170
6171
6172
6174
6175
6178
6179
6180
6181
6183
6184
6188
6189
6191
6192
6193
6197
6199
6200
6201
6203
6205
6207
6211
6212
6216
6217
6218
6220
6224
6225
6226
6230
6231
6235
6236
6237
6239
6241
6242
6243
6245
6248
6251
6252
6253
6254
6256
6257
6259
6260
6261
6262
6264
6268
6271
6277
6279
6281
6284
6289
6290
6291
6293
6295
6296
6298
6299
6303
6304
6309
6310
6313
6318
6319
6320
6323
6325
6326
6327
6328
6329
6330
6335
6336
6337
6341
6346
6347
6350
6358
6359
6361
6362
6363
6367
6373
6374
6375
6376
6378
6382
6383
6384
6387
6389
6390
6392
6397
6398
6399
6400
6401
6402
6404
6408
6412
6413
6418
6419
6421
6422
6428
6429
6430
6431
6443
6447
6448
6449
6450
6455
6456
6457
6458
6459
6460
6461
6463
6466
6467
6471
6476
6479
6480
6487
6489
6490
6492
6495
6499
6500
6501
6502
6504
6509
6510
6511
6513
6518
6522
6523
6526
6527
6528
6536
6538
6539
6541
6543
6544
6545
6546
6547
6550
6552
6554
6557
6559
6562
6564
6566
6567
6571
6572
6573
6575
6579
6580
6585
6587
6589
6591
6594
6599
6600
6601
6605
6606
6607
6608
6609
6610
6615
6616
6617
6619
6620
6621
6622
6627
6630
6631
6635
6639
6640
6642
6644
6645
6646
6648
6652
6653
6654
6661
6662
6663
6665
6668
6671
6672
6673
6675
6680
6681
6683
6684
6687
6688
6689
6690
6691
6697
6699
6700
6702
6704
6705
6706
6708
6716
6717
6718
6721
6722
6724
6727
6728
6730
6735
6736
6739
6740
6742
6743
6746
6748
6749
6750
6757
6763
6766
6769
6774
6779
6784
6787
6790
6793
6795
6799
6801
6805
6809
6810
6814
6817
6820
6821
6823
6824
6825
6826
6827
6830
6831
6834
6838
6839
6840
6842
6845
6846
6848
6851
6857
6859
6861
6864
6865
6867
6869
6871
6875
6877
6878
6883
6886
6888
6892
6893
6894
6896
6902
6904
6905
6909
6915
6918
6919
6920
6921
6923
6924
6926
6927
6929
6932
6933
6934
6935
6939
6940
6946
6947
6949
6951
6952
6957
6961
6963
6965
6966
6967
6969
6970
6972
6974
6975
6976
6979
6983
6984
6985
6986
6988
6991
6993
6995
6996
6998
7001
7002
7004
7007
7009
7017
7018
7021
7024
7025
7035
7039
7040
7041
7044
7045
7046
7050
7051
7054
7060
7062
7064
7070
7073
7075
7086
7090
7092
7093
7094
7096
7097
7099
7101
7102
7104
7105
7106
7107
7108
7111
7113
7114
7116
7118
7121
7123
7124
7126
7127
7128
7129
7134
7137
7140
7141
7142
7143
7147
7148
7150
7151
7152
7153
7155
7156
7159
7160
7167
7170
7175
7179
7181
7184
7185
7186
7188
7189
7190
7191
7192
7193
7195
7196
7197
7203
7206
7209
7211
7213
7216
7218
7222
7223
7224
7226
7231
7234
7236
7239
7241
7243
7245
7248
7249
7250
7251
7254
7257
7259
7263
7264
7268
7269
7270
7276
7281
7282
7286
7295
7296
7297
7298
7301
7305
7306
7307
7308
7312
7313
7314
7317
7320
7321
7324
7328
7333
7334
7335
7338
7340
7341
7346
7348
7354
7355
7356
7357
7358
7361
7362
7363
7365
7366
7367
7368
7370
7372
7373
7378
7379
7386
7387
7388
7390
7392
7393
7394
7399
7400
7404
7406
7408
7417
7418
7425
7427
7428
7429
7431
7432
7438
7441
7443
7444
7446
7451
7452
7454
7455
7459
7460
7461
7465
7472
7476
